0 0.27884615384615385 0.46634615384615385 0.3942307692307692 0.6947115384615384
1 0.7608173076923077 0.21514423076923078 0.23798076923076922 0.43028846153846156
0 0.27524038461538464 0.47836538461538464 0.38822115384615385 0.6706730769230769
1 0.7608173076923077 0.21754807692307693 0.23798076923076922 0.43509615384615385
0 0.27283653846153844 0.48197115384615385 0.38221153846153844 0.6622596153846154
1 0.7596153846153846 0.21995192307692307 0.2403846153846154 0.43990384615384615
0 0.27524038461538464 0.4795673076923077 0.38822115384615385 0.6658653846153846
1 0.7572115384615384 0.22596153846153846 0.23557692307692307 0.4519230769230769
0 0.27283653846153844 0.46033653846153844 0.38461538461538464 0.6682692307692307
1 0.7608173076923077 0.20432692307692307 0.23557692307692307 0.40865384615384615
0 0.2692307692307692 0.45072115384615385 0.38100961538461536 0.6478365384615384
1 0.7584134615384616 0.19951923076923078 0.23918269230769232 0.39903846153846156
0 0.2668269230769231 0.4483173076923077 0.3786057692307692 0.6538461538461539
1 0.7560096153846154 0.20072115384615385 0.2439903846153846 0.40024038461538464
2 0.921875 0.65625 0.14302884615384615 0.16706730769230768
0 0.27163461538461536 0.4375 0.3858173076923077 0.6742788461538461
1 0.7560096153846154 0.1935096153846154 0.24759615384615385 0.3870192307692308
2 0.9050480769230769 0.6394230769230769 0.17548076923076922 0.20072115384615385
0 0.2704326923076923 0.45552884615384615 0.38461538461538464 0.6394230769230769
1 0.7584134615384616 0.19591346153846154 0.23798076923076922 0.3918269230769231
2 0.9074519230769231 0.6838942307692307 0.171875 0.28846153846153844
0 0.28125 0.4423076923076923 0.37259615384615385 0.6033653846153846
1 0.7596153846153846 0.20432692307692307 0.23677884615384615 0.40865384615384615
2 0.9038461538461539 0.7355769230769231 0.16826923076923078 0.3125
0 0.2800480769230769 0.44711538461538464 0.3713942307692308 0.6610576923076923
1 0.7596153846153846 0.20552884615384615 0.23677884615384615 0.4098557692307692
2 0.8425480769230769 0.6634615384615384 0.28846153846153844 0.28365384615384615
0 0.27524038461538464 0.4855769230769231 0.38341346153846156 0.6574519230769231
1 0.7572115384615384 0.22115384615384615 0.2403846153846154 0.4411057692307692
2 0.8173076923076923 0.6622596153846154 0.328125 0.2620192307692308
0 0.2764423076923077 0.47836538461538464 0.39302884615384615 0.6658653846153846
1 0.7584134615384616 0.22716346153846154 0.23918269230769232 0.4543269230769231
2 0.7980769230769231 0.7295673076923077 0.33052884615384615 0.2403846153846154
0 0.2704326923076923 0.46274038461538464 0.3942307692307692 0.6646634615384616
1 0.7668269230769231 0.20673076923076922 0.22596153846153846 0.41346153846153844
2 0.8076923076923077 0.6899038461538461 0.3269230769230769 0.18870192307692307
0 0.26322115384615385 0.44471153846153844 0.3870192307692308 0.6322115384615384
1 0.7716346153846154 0.2091346153846154 0.2403846153846154 0.4182692307692308
2 0.8641826923076923 0.7175480769230769 0.22596153846153846 0.24278846153846154
0 0.2548076923076923 0.4170673076923077 0.37259615384615385 0.6081730769230769
1 0.7572115384615384 0.24158653846153846 0.2704326923076923 0.4831730769230769
2 0.8605769230769231 0.7319711538461539 0.23197115384615385 0.23677884615384615
0 0.2548076923076923 0.40625 0.3713942307692308 0.6286057692307693
1 0.7572115384615384 0.24158653846153846 0.2704326923076923 0.4831730769230769
2 0.8112980769230769 0.6694711538461539 0.3317307692307692 0.2127403846153846
0 0.2536057692307692 0.4074519230769231 0.36899038461538464 0.6274038461538461
1 0.7427884615384616 0.24158653846153846 0.29927884615384615 0.4831730769230769
2 0.8365384615384616 0.8209134615384616 0.24639423076923078 0.18629807692307693
0 0.24759615384615385 0.3954326923076923 0.3581730769230769 0.6346153846153846
1 0.7139423076923077 0.27163461538461536 0.3557692307692308 0.5420673076923077
2 0.8485576923076923 0.8293269230769231 0.2247596153846154 0.16947115384615385
0 0.24519230769230768 0.38221153846153844 0.35336538461538464 0.6442307692307693
1 0.7103365384615384 0.2848557692307692 0.36778846153846156 0.5697115384615384
2 0.9278846153846154 0.7872596153846154 0.09495192307692307 0.07692307692307693
0 0.24879807692307693 0.3894230769230769 0.3629807692307692 0.6298076923076923
1 0.7127403846153846 0.28966346153846156 0.35697115384615385 0.5793269230769231
2 0.9663461538461539 0.7259615384615384 0.037259615384615384 0.056490384615384616
0 0.25240384615384615 0.40625 0.36899038461538464 0.5973557692307693
1 0.7199519230769231 0.28966346153846156 0.34375 0.5793269230769231
0 0.2536057692307692 0.3918269230769231 0.37259615384615385 0.6262019230769231
1 0.7259615384615384 0.28966346153846156 0.33052884615384615 0.5793269230769231
0 0.2608173076923077 0.3870192307692308 0.3858173076923077 0.6069711538461539
1 0.7403846153846154 0.2956730769230769 0.3016826923076923 0.5913461538461539
0 0.265625 0.41586538461538464 0.38822115384615385 0.5901442307692307
1 0.7391826923076923 0.3004807692307692 0.3112980769230769 0.5925480769230769
0 0.24639423076923078 0.36538461538461536 0.35697115384615385 0.625
1 0.7487980769230769 0.23557692307692307 0.2848557692307692 0.47115384615384615
0 0.24759615384615385 0.3701923076923077 0.3581730769230769 0.6382211538461539
1 0.7524038461538461 0.23557692307692307 0.2800480769230769 0.47115384615384615
0 0.24879807692307693 0.375 0.359375 0.6502403846153846
1 0.7548076923076923 0.23557692307692307 0.27524038461538464 0.4699519230769231
0 0.25 0.3798076923076923 0.3605769230769231 0.6634615384615384
1 0.7560096153846154 0.23557692307692307 0.2764423076923077 0.47115384615384615
0 0.2512019230769231 0.3798076923076923 0.35697115384615385 0.6634615384615384
1 0.7548076923076923 0.23557692307692307 0.27884615384615385 0.47115384615384615
0 0.24639423076923078 0.35216346153846156 0.36177884615384615 0.6550480769230769
1 0.7487980769230769 0.21033653846153846 0.2848557692307692 0.41947115384615385
0 0.24278846153846154 0.35216346153846156 0.3545673076923077 0.6550480769230769
1 0.7487980769230769 0.2127403846153846 0.2860576923076923 0.4254807692307692
0 0.234375 0.3449519230769231 0.3401442307692308 0.6706730769230769
1 0.7439903846153846 0.20072115384615385 0.2956730769230769 0.40024038461538464
0 0.22716346153846154 0.3389423076923077 0.3269230769230769 0.6394230769230769
1 0.7355769230769231 0.20072115384615385 0.3125 0.40024038461538464
0 0.21634615384615385 0.29447115384615385 0.3004807692307692 0.5709134615384616
1 0.71875 0.21033653846153846 0.34615384615384615 0.4206730769230769
0 0.20432692307692307 0.24519230769230768 0.2644230769230769 0.47115384615384615
1 0.7067307692307693 0.22235576923076922 0.375 0.44471153846153844
3 0.6899038461538461 0.23557692307692307 0.3245192307692308 0.47115384615384615
3 0.19110576923076922 0.25 0.24639423076923078 0.4579326923076923

0 0.3786057692307692 0.6754807692307693 0.3737980769230769 0.6418269230769231
1 0.8617788461538461 0.4074519230769231 0.2692307692307692 0.47716346153846156
0 0.3401442307692308 0.6394230769230769 0.43149038461538464 0.7127403846153846
1 0.8545673076923077 0.35697115384615385 0.2644230769230769 0.4423076923076923
0 0.31009615384615385 0.546875 0.41466346153846156 0.7584134615384616
1 0.8149038461538461 0.24158653846153846 0.25600961538461536 0.4699519230769231
0 0.2800480769230769 0.47115384615384615 0.39663461538461536 0.6838942307692307
1 0.7716346153846154 0.21995192307692307 0.27163461538461536 0.4362980769230769
0 0.2764423076923077 0.4723557692307692 0.38822115384615385 0.6838942307692307
1 0.7608173076923077 0.2127403846153846 0.234375 0.4254807692307692
